ImgW = 640.0
ImgH = 480.0
MinK = 0.128028
MinD = 18.373226
NomK = 0.109548
NomD = 21.985956
MaxK = 0.095835
MaxD = 24.717989

