ImgW = 640.0
ImgH = 480.0
MinK = 0.161915
MinD = 17.068771
NomK = 0.133268
NomD = 22.005964
MaxK = 0.114940
MaxD = 25.473549

